0 0
0 0
0 0
2 -3
3 -4
4 -4
4 -4
4 -4
4 -4
4 -4
4 -4
4 -5
4 -5
3 -6
0 -7
-6 -7
-18 -7
-34 -7
-54 -7
-77 -4
-96 -4
-112 -4
-125 -4
-135 -4
-146 -6
-156 -6
-161 -6
-165 -6
-168 -6
-169 -6
-169 -6
-169 -6
-169 -5
-164 -5
-151 -5
-135 -5
-113 -7
-83 -8
-38 -9
7 -13
47 -15
75 -15
97 -15
107 -15
112 -15
112 -14
113 -14
113 -13
111 -13
103 -12
88 -12
71 -12
47 -11
19 -11
-7 -11
-29 -11
-51 -9
-70 -8
-84 -8
-93 -8
-98 -7
-103 -6
-104 -5
-107 -4
-107 -4
-107 -4
-105 -4
-99 -4
-91 -4
-77 -4
-54 -2
-22 -2
14 -2
40 -1
62 1
79 2
93 3
102 4
103 4
103 5
103 5
102 5
94 5
83 5
70 5
50 5
28 5
4 4
-22 4
-46 4
-69 4
-84 4
-93 4
-100 4
-104 4
-105 4
-105 4
-105 4
-105 5
-103 6
-95 7
-79 7
-55 7
-29 7
-10 3