0 0
0 0
0 0
-1 0
-2 0
-2 -1
-3 -2
-5 -2
-6 -3
-6 -3
-7 -3
-8 -3
-10 -1
-14 3
-15 5
-16 7
-16 9
-16 9
-15 10
-12 10
-10 10
-7 10
-5 10
-5 10
-2 10
0 7
1 5
2 3
2 2
2 1
2 0
2 0
1 -2
0 -2
-2 -2
-2 -2
-4 -2
-5 -2
-6 -2
-8 2
-9 5
-9 7
-9 9
-7 9
-6 9
-4 9
-1 9
2 9
4 9
5 8
6 5
7 2
7 1
7 0
7 0
6 -1
3 -2
2 -2
1 -2
-2 -2
-4 1
-7 4
-8 6
-8 8
-8 8
-8 9
-7 10
-6 10
-3 10
-1 10
2 9
4 6
6 4
8 1
8 0
8 -1
8 -3
6 -3
4 -3
2 -3
0 -3
-2 -3
-4 -2
-6 1
-6 4
-6 5
-6 6
-6 7
-4 8
-2 8
0 9
2 9
3 9
5 7
7 5
8 4
9 1
9 1
9 0
6 0
3 0
0 0
-2 0
-5 0
-6 3
-7 5
-8 9
-8 11
-8 12
-7 13
-7 13
-5 13
-5 13
-1 11
3 8
6 5
9 1
10 -1
10 -2
9 -2
8 -2
6 -3
4 -3
2 -3
2 -2
2 -1